10
9
4 7 2 6 9 23 56 34 89 
23 5
15
56 34 89 12 9 4 267 476 123 90 23 45 0 345 890
476 4
18
1 2 3 4 5 6 7 8 9 10 11 12 13 14 15 16 17 18
56 4
20
1 2 3 4 5 6 7 8 9 10 11 12 13 14 15 16 17 18 19 20
14 1
20
56 34 89 12 9 4 267 476 123 90 23 45 0 345 890 1 2 1000 3 5
354 6
20
56 34 89 12 9 4 267 476 123 90 23 45 0 345 890 1 2 1000 3 5
1000 100
20
56 34 89 12 9 4 267 476 123 90 23 45 0 345 890 1 2 1000 3 5
23 3
40
56 34 89 12 9 4 267 476 123 90 23 45 0 345 890 1 2 1000 3 5 99 98 97 96 95 94 93 92 91 88 87 86 85 84 83 82 81 80 79 78
99 1
40
56 34 89 12 9 4 267 476 123 90 23 45 0 345 890 1 2 1000 3 5 99 98 97 96 95 94 93 92 91 88 87 86 85 84 83 82 81 80 79 78
99 100
40
56 34 89 12 9 4 267 476 123 90 23 45 0 345 890 1 2 1000 3 5 99 98 97 96 95 94 93 92 91 88 87 86 85 84 83 82 81 80 79 78
89675 12